10336 70832 	1)羅嚴克拉姆 
8636 69132 	2)山德斯
9622 70118 	3)巴爾豪薩
13328 73824 	4)卡姆胡巴
8024 68520 	5)卡爾納普
8262 68758 	6)古利茲
8432 68928 	7)古雷沙
8398 68894 	8)古魯堅休提倫
9894 70390 	9)布克斯提夫德
9962 70458 	10)布拉斯契
9996 70492 	11)布朗胥百克
10098 70594 	12)布連塔諾
10030 70526 	13)布爾達哈
10948 71444 	14)瓦列
9724 70220 	15)皮羅
10608 71104 	16)立典亥姆
10642 71138 	17)立典拉德
13260 73756 	18)特勞斯
9010 69506 	19)休勒
10812 71308 	20)列佛爾特
10778 71274 	21)列肯道夫
8092 68588 	22)吉爾菲艾斯
7718 68214 	23)安森巴哈
10302 70798 	24)米達麥亞
7616 68112 	25)艾亨道夫
7820 68316 	26)艾倫博克
7854 68350 	27)艾爾拉赫
7582 68078 	28)艾齊納哈
9860 70356 	29)佛格
10166 70662 	30)何夫麥斯塔
8126 68622 	31)克那普斯坦
8296 68792 	32)克里希
8194 68690 	33)克拉傑
8228 68724 	34)克拉普夫
8534 69030 	35)克斯拉
13430 73926 	36)克萊巴
8500 68996 	37)克羅第瓦魯
8568 69064 	38)坎普
9180 69676 	39)宋巴爾特
9146 69642 	40)宋年菲爾斯
9758 70254 	41)希德斯哈姆
9214 69710 	42)狄克爾
9248 69744 	43)狄塔斯多夫
10132 70628 	44)貝爾肯格林
7684 68180 	45)亞特林肯
8058 68554 	46)奇斯里
9418 69914 	47)奈西巴哈
13464 73960 	48)拉傑爾
13498 73994 	49)林查
9792 70288 	50)法倫海特
7650 68146 	51)阿姆斯道爾夫
9656 70152 	52)哈爾巴休泰德
9486 69982 	53)拜耶爾藍
9588 70084 	54)派特利肯
8704 69200 	55)胥夫特
9282 69778 	56)迪爾克先
8976 69472 	57)修姆德
8840 69336 	58)修特克豪簡
8874 69370 	59)修特萊
13362 73858 	60)修萊雅
8670 69166 	61)夏伍汀 
8160 68656 	62)庫典森
8364 68860 	63)格利魯帕爾茲
8330 68826 	64)格留尼曼
8466 68962 	65)格雷布納
9316 69812 	66)特奈傑
8602 69098 	67)曹肯
10438 70934 	68)梅克林格
10472 70968 	69)梅爾卡茲
9690 70186 	70)畢典菲爾特
10200 70696 	71)荷爾茲拜亞
10880 71376 	72)連內肯普
10234 70730 	73)麥佛赫
9078 69574 	74)傑克特 
8738 69234 	75)斯坦赫夫
8806 69302 	76)斯特汀
8772 69268 	77)舒坦梅茲
8908 69404 	78)舒奈德
8942 69438 	79)舒馬赫
7752 68248 	80)華根賽爾
10540 71036 	81)萊博爾
10064 70560 	82)菲列格爾
9826 70322 	83)菲爾納 
9928 70424 	84)費賽尼亞
7956 68452 	85)奧夫雷沙
7922 68418 	86)奧貝斯坦
10846 71342 	87)雷姆拉
10676 71172 	88)流肯
7786 68282 	89)維拉 
9520 70016 	90)豪夫
9554 70050 	91)豪普特曼
9384 69880 	92)德洛伊傑
9350 69846 	93)德瑞文滋
10506 71002 	94)摩特
7990 68486 	95)歐拉
7888 68384 	96)歐根
10744 71240 	97)魯比茲
10710 71206 	98)魯茲
9452 69948 	99)諾多海姆
9044 69540 	100)錦茲
10404 70900 	101)繆拉
9112 69608 	102)賽貝爾
13294 73790 	103)薩姆
10370 70866 	104)謬肯貝爾加
10336 70832 	105)謬傑爾
13396 73892 	106)謬森休特
10914 71410 	107)羅嚴塔爾
10574 71070 	108)蘭斯貝爾克
12104 72600 	1)巴格達胥
12206 72702 	2)比克古
11356 71852 	3)卡介倫
11322 71818 	4)卡爾先
11560 72056 	5)可那利
11866 72362 	6)史托克斯
11832 72328 	7)史路茲卡利達
12036 72532 	8)尼爾遜
12410 72906 	9)布拉多喬
12512 73008 	10)布隆茲
12444 72940 	11)布魯姆哈爾特
11186 71682 	12)伍爾夫
11730 72226 	13)先寇布
12002 72498 	14)托達
13192 73688 	15)自由行星同盟最高評議會
11220 71716 	16)艾凡思
11288 71784 	17)艾默森
11492 71988 	18)克魯思齊
11696 72192 	19)沙尼亞
12546 73042 	20)貝伊
11152 71648 	21)貝歐拉
13532 74028 	22)邦斯格爾
11390 71886 	23)阮文紹
10982 71478 	24)亞典波羅
13668 74164 	25)亞修
11254 71750 	26)亞達
11084 71580 	27)亞爾。沙列姆
12818 73314 	28)姆萊
12172 72668 	29)帕斯里契夫
12988 73484 	30)拉普
12954 73450 	31)拉歐
13022 73518 	32)林滋
12614 73110 	33)波布蘭
12648 73144 	34)波羅汀
12274 72770 	35)法菲爾
11934 72430 	36)邱
11016 71512 	37)阿普頓
13226 73722 	38)威迪
13124 73620 	39)洛克維爾
11526 72022 	40)科庫蘭
11662 72158 	41)科爾德威
11798 72294 	42)夏爾強
11424 71920 	43)庫布斯里
11764 72260 	44)席特尼
11458 71954 	45)D。格林希爾
12478 72974 	46)F。格林希爾
12750 73246 	47)馬利諾
12716 73212 	48)馬里涅汀
13566 74062 	49)馬斯喀尼
11594 72090 	50)高尼夫
11628 72124 	51)I。高尼夫
12138 72634 	52)培特雷
12240 72736 	53)畢羅萊尼
12852 73348 	54)莫頓
11900 72396 	55)陳
11118 71614 	56)華利蒙特
12342 72838 	57)菲爾茲
12308 72804 	58)費雪
11050 71546 	59)雅拉肯
12886 73382 	60)楊
13634 74130 	61)賈瓦夫
13090 73586 	62)路菲普
12580 73076 	63)赫伍得
11968 72464 	64)德森
12784 73280 	65)慕亞
13056 73552 	66)魯格拉希
12376 72872 	67)霍克
13600 74096 	68)戴休
13158 73654 	69)羅波斯
12070 72566 	70)波特
10268 70764 	71)瑪林道夫
10472 70968 	72)梅爾卡茲
8908 69404 	73)舒奈德
12920 73416     74)敏茲
12682 73178     75)馬遜
